的 0.5702 0.4551 0.7975
威信 0.2511 0.3590 0.0380
了 0.2213 0.0705 0.5190
是 0.2043 0.1090 0.3924
在 0.1830 0.0769 0.3924
联系 0.1660 0.2500 0.0125
可 0.1617 0.2372 0.0127
和 0.1489 0.0641 0.3165
飞机 0.1404 0.2115 0.0106
群 0.1191 0.1731 0.0127
合作 0.1191 0.1795 0.0090
稳定 0.1149 0.1731 0.0087
咨询 0.1064 0.1603 0.0080
卡 0.1064 0.1603 0.0080
中 0.1021 0.0513 0.2025
粉 0.0936 0.1410 0.0071
维信 0.0894 0.1346 0.0067
您 0.0851 0.1282 0.0064
后台 0.0851 0.1282 0.0064
专业 0.0809 0.1218 0.0061
行业 0.0809 0.1218 0.0061
代理 0.0809 0.1218 0.0061
实力 0.0809 0.1218 0.0061
油管 0.0766 0.1154 0.0058
私信 0.0766 0.1154 0.0058
被 0.0766 0.0192 0.1899
评 0.0723 0.1090 0.0054
脸书 0.0723 0.1090 0.0054
读音 0.0723 0.1090 0.0054
推特 0.0723 0.1090 0.0054
书 0.0723 0.1090 0.0054
一手 0.0723 0.1090 0.0054
平台 0.0723 0.1090 0.0054
私 0.0681 0.1026 0.0051
各位 0.0681 0.1026 0.0051
号 0.0681 0.1026 0.0051
通道 0.0681 0.1026 0.0051
项目 0.0681 0.1026 0.0051
快手 0.0638 0.0962 0.0048
拉 0.0638 0.0962 0.0048
找 0.0638 0.0962 0.0048
业务 0.0638 0.0962 0.0048
但 0.0638 0.0089 0.1772
支付宝 0.0638 0.0962 0.0048
将 0.0638 0.0128 0.1646
支付 0.0638 0.0962 0.0048
推广 0.0638 0.0962 0.0048
微博 0.0596 0.0897 0.0045
赞 0.0596 0.0897 0.0045
各 0.0596 0.0897 0.0045
承接 0.0596 0.0897 0.0045
量 0.0596 0.0897 0.0045
聊 0.0553 0.0833 0.0042
电报 0.0553 0.0833 0.0042
收 0.0553 0.0833 0.0042
已经 0.0553 0.0076 0.1519
正规 0.0553 0.0833 0.0042
勿 0.0511 0.0769 0.0038
老板 0.0511 0.0769 0.0038
小红 0.0511 0.0769 0.0038
接 0.0511 0.0769 0.0038
资金 0.0511 0.0769 0.0038
话费 0.0511 0.0769 0.0038
诚招 0.0511 0.0769 0.0038
独立 0.0511 0.0769 0.0038
客服 0.0511 0.0769 0.0038
公众号 0.0468 0.0705 0.0035
作 0.0468 0.0705 0.0035
诚信 0.0468 0.0705 0.0035
料 0.0468 0.0705 0.0035
对接 0.0468 0.0705 0.0035
款 0.0468 0.0705 0.0035
实时 0.0468 0.0705 0.0035
它 0.0468 0.0070 0.1392
体育 0.0468 0.0705 0.0035
扰 0.0426 0.0641 0.0032
工作室 0.0426 0.0641 0.0032
因为 0.0426 0.0063 0.1266
盘 0.0426 0.0641 0.0032
充值 0.0426 0.0641 0.0032
集团 0.0426 0.0641 0.0032
待遇 0.0426 0.0641 0.0032
而 0.0426 0.0063 0.1266
群发 0.0383 0.0577 0.0029
精准 0.0383 0.0577 0.0029
去 0.0383 0.0051 0.1013
信誉 0.0383 0.0577 0.0029
风控 0.0383 0.0577 0.0029
财务 0.0383 0.0577 0.0029
详情 0.0383 0.0577 0.0029
岗位 0.0383 0.0577 0.0029
发现 0.0383 0.0057 0.1139
福利 0.0340 0.0513 0.0026
靠谱 0.0340 0.0513 0.0026
注册 0.0340 0.0513 0.0026
超群 0.0340 0.0513 0.0026
满 0.0340 0.0513 0.0026
棋牌 0.0340 0.0513 0.0026
以下 0.0340 0.0513 0.0026
更 0.0340 0.0044 0.0886
这个 0.0340 0.0051 0.1013
问题 0.0340 0.0044 0.0886
共赢 0.0340 0.0513 0.0026
寻求 0.0340 0.0513 0.0026
并发 0.0340 0.0513 0.0026
三方 0.0340 0.0513 0.0026
拥有 0.0340 0.0513 0.0026
到账 0.0340 0.0513 0.0026
手工 0.0340 0.0513 0.0026
押金 0.0340 0.0513 0.0026
补 0.0340 0.0513 0.0026
代发 0.0340 0.0513 0.0026
半年 0.0340 0.0513 0.0026
接回 0.0340 0.0513 0.0026
目前 0.0340 0.0044 0.0886
招 0.0340 0.0513 0.0026
这种 0.0340 0.0044 0.0886
赚 0.0340 0.0513 0.0026
专员 0.0340 0.0513 0.0026
休 0.0340 0.0513 0.0026
薪资 0.0340 0.0513 0.0026
迪拜 0.0340 0.0513 0.0026
研究 0.0340 0.0051 0.1013
可能 0.0340 0.0051 0.1013
存在 0.0298 0.0044 0.0886
功能 0.0298 0.0044 0.0886
美国 0.0298 0.0038 0.0759
方法 0.0298 0.0044 0.0886
认为 0.0298 0.0044 0.0886
疫苗 0.0298 0.0044 0.0886
疫情 0.0298 0.0038 0.0759
应用 0.0255 0.0032 0.0633
他 0.0255 0.0038 0.0759
厉害 0.0255 0.0038 0.0759
说 0.0255 0.0032 0.0633
现在 0.0255 0.0032 0.0633
称 0.0255 0.0038 0.0759
非常 0.0255 0.0038 0.0759
宣布 0.0255 0.0038 0.0759
开始 0.0255 0.0032 0.0633
表示 0.0255 0.0038 0.0759
该 0.0255 0.0038 0.0759
其中 0.0255 0.0032 0.0633
结束 0.0255 0.0032 0.0633
冠 0.0255 0.0038 0.0759
不能 0.0213 0.0025 0.0506
看到 0.0213 0.0025 0.0506
决定 0.0213 0.0032 0.0633
删除 0.0213 0.0032 0.0633
但是 0.0213 0.0025 0.0506
之前 0.0213 0.0025 0.0506
把 0.0213 0.0032 0.0633
蓝鲸 0.0213 0.0032 0.0633
减少 0.0213 0.0025 0.0506
才能 0.0213 0.0025 0.0506
之间 0.0213 0.0025 0.0506
错误 0.0213 0.0032 0.0633
实现 0.0213 0.0025 0.0506
包括 0.0213 0.0025 0.0506
一种 0.0213 0.0032 0.0633
其 0.0213 0.0032 0.0633
科学 0.0213 0.0025 0.0506
感染 0.0213 0.0032 0.0633
为了 0.0170 0.0025 0.0506
写 0.0170 0.0025 0.0506
名 0.0170 0.0025 0.0506
向 0.0170 0.0025 0.0506
美元 0.0170 0.0025 0.0506
不同 0.0170 0.0025 0.0506
期刊 0.0170 0.0025 0.0506
论文 0.0170 0.0025 0.0506
发表 0.0170 0.0025 0.0506
距离 0.0170 0.0025 0.0506
过去 0.0170 0.0025 0.0506
正在 0.0170 0.0025 0.0506
利用 0.0170 0.0025 0.0506
接种 0.0170 0.0025 0.0506
英国 0.0170 0.0025 0.0506
那么 0.0170 0.0025 0.0506
超过 0.0170 0.0025 0.0506
年月日 0.0170 0.0025 0.0506
